# This file may be used to create an environment using:
# $ conda create --name <env> --file <this file>
# platform: win-64
asttokens=2.4.1=pyhd8ed1ab_0
beautifulsoup4=4.12.3=pypi_0
ca-certificates=2024.9.24=haa95532_0
cbor=1.0.0=pypi_0
certifi=2024.8.30=pypi_0
charset-normalizer=3.4.0=pypi_0
click=8.1.7=pypi_0
colorama=0.4.6=pyhd8ed1ab_0
comm=0.2.2=pyhd8ed1ab_0
cpython=3.9.20=py39hd8ed1ab_1
debugpy=1.8.9=py39ha51f57c_0
decorator=5.1.1=pyhd8ed1ab_0
exceptiongroup=1.2.2=pyhd8ed1ab_0
executing=2.1.0=pyhd8ed1ab_0
idna=3.10=pypi_0
ijson=3.3.0=pypi_0
importlib-metadata=8.5.0=pyha770c72_0
inscriptis=2.5.0=pypi_0
ipykernel=6.29.5=pyh4bbf305_0
ipython=8.18.1=pyh7428d3b_3
ir-datasets=0.5.9=pypi_0
ir-evaluation-py=1.0.0=pypi_0
jedi=0.19.2=pyhff2d567_0
joblib=1.4.2=pypi_0
jupyter_client=8.6.3=pyhd8ed1ab_0
jupyter_core=5.7.2=pyh5737063_1
krb5=1.21.3=hdf4eb48_0
libsodium=1.0.20=hc70643c_0
lxml=5.3.0=pypi_0
lz4=4.3.3=pypi_0
matplotlib-inline=0.1.7=pyhd8ed1ab_0
nest-asyncio=1.6.0=pyhd8ed1ab_0
nltk=3.9.1=pypi_0
numpy=2.0.2=pypi_0
openssl=3.4.0=h2466b09_0
packaging=24.2=pyhff2d567_1
pandas=2.2.3=pypi_0
parso=0.8.4=pyhd8ed1ab_0
pickleshare=0.7.5=py_1003
pip=24.2=py39haa95532_0
platformdirs=4.3.6=pyhd8ed1ab_0
prompt-toolkit=3.0.48=pyha770c72_0
psutil=6.1.0=py39ha55e580_0
pure_eval=0.2.3=pyhd8ed1ab_0
pygments=2.18.0=pyhd8ed1ab_0
python=3.9.20=h8205438_1
python-dateutil=2.9.0.post0=pyhff2d567_0
python_abi=3.9=2_cp39
pytz=2024.2=pypi_0
pywin32=307=py39ha51f57c_3
pyyaml=6.0.2=pypi_0
pyzmq=26.2.0=py39h03e5c00_3
regex=2024.11.6=pypi_0
requests=2.32.3=pypi_0
setuptools=75.1.0=py39haa95532_0
six=1.16.0=pyh6c4a22f_0
soupsieve=2.6=pypi_0
sqlite=3.45.3=h2bbff1b_0
stack_data=0.6.2=pyhd8ed1ab_0
tornado=6.4.1=py39ha55e580_1
tqdm=4.67.1=pypi_0
traitlets=5.14.3=pyhd8ed1ab_0
trec-car-tools=2.6=pypi_0
typing_extensions=4.12.2=pyha770c72_0
tzdata=2024.2=pypi_0
ucrt=10.0.22621.0=h57928b3_1
unlzw3=0.2.2=pypi_0
urllib3=2.2.3=pypi_0
vc=14.40=h2eaa2aa_1
vc14_runtime=14.42.34433=he29a5d6_23
vs2015_runtime=14.42.34433=hdffcdeb_23
warc3-wet=0.2.5=pypi_0
warc3-wet-clueweb09=0.2.5=pypi_0
wcwidth=0.2.13=pyhd8ed1ab_0
wheel=0.44.0=py39haa95532_0
zeromq=4.3.5=ha9f60a1_7
zipp=3.21.0=pyhd8ed1ab_0
zlib-state=0.1.9=pypi_0
